0,243
32,14
32,13
32,12
32,11
32,10
32,9
32,8
32,7
32,6
32,5
32,4
31,5
31,4
0,440
0,439
30,3
30,2
30,1
30,0
0,438
32,3
32,2
32,1
32,0
0,437
0,387
0,278
0,9
31,3
31,2
31,1
31,0
33,35
3,2
10,24
10,153
10,178
10,181
10,99
10,280
10,232
10,85
10,2
10,3
9,4
9,6
9,2
9,3
8,8
8,9
8,17
8,12
8,10
8,5
8,2
8,3
20,3
20,2
20,1
19,3
19,2
19,1
18,3
18,1
14,3
13,3
14,1
13,1
12,3
12,2
12,1
11,30
11,29
11,28
11,27
11,26
11,25
11,24
11,23
11,22
11,21
11,19
11,16
11,13
11,11
11,7
11,6
11,5
11,3
11,2
11,1
10,316
10,315
10,314
